6196
6522
9566
9354
7739
5578
4155
4433
9809
7392
83
5864
6252
6861
2750
7317
8183
4581
5216
9387
1599
1031
9879
9158
2103
5748
4001
6680
1051
7769
1950
7341
9177
7366
1903
4037
793
7305
9672
786
5898
8118
9199
5238
9994
2864
5615
2560
8819
9280
7373
8957
5774
9694
2031
5904
3265
5347
946
6891
3806
2793
9699
3280
59
8640
7215
4298
2999
7802
7539
8508
6346
9554
3154
4663
5852
8847
155
3726
9929
9480
5155
1799
57
7590
4593
8550
8285
3977
1590
4661
3471
133
6787
764
7830
2306
1249
1236
5502
1606
4926
6700
6300
116
1526
5589
6117
5700
312
3333
1214
7440
3751
9682
738
8571
2065
2038
4596
6107
5159
408
1377
7873
5930
3034
1653
1131
4492
7460
1006
3513
8208
663
2214
7387
9996
7433
4357
7535
3261
2173
6607
7431
6685
8469
5351
912
3218
3967
6419
7346
929
816
6465
961
9059
6513
5597
9559
6174
6650
5052
4917
76
2008
9615
8668
8312
5587
8713
4458
9326
4763
1625
7372
6213
62
434
3650
9377
9841
7946
5067
7829
2837
5314
4971
7009
6661
3171
1643
6605
5771
1911
3067
2198
4611
2647
5135
1464
2550
9617
5573
1001
6715
316
1514
4016
835
3295
1570
5763
1460
34
9776
6881
7377
4270
3757
272
1722
7221
8355
6850
8506
7109
5145
3760
6489
6379
1164
2528
6326
7639
4934
3810
5011
5369
2117
8798
1458
9342
9709
8720
903
3497
5752
5670
3578
4907
7856
108
2740
7939
2583
1564
481
4766
2331
1530
5174
6384
9465
1655
2069
6225
9843
8066
8236
3457
6535
7147
9671
2739
8935
5520
8523
2499
8440
6010
4973
2546
334
6593
9398
8462
2143
3686
7004
8439
1197
577
8112
2526
5020
1007
4217
7461
177
574
2751
4583
6415
9544
6434
762
2545
6972
7238
7482
9292
2463
3445
2170
9624
7562
8116
5800
6319
1682
3725
4062
2081
2321
3168
7566
1698
9051
8204
2945
5102
9563
5702
7813
3685
4998
2839
326
4170
8241
6156
3240
5784
2697
6757
1395
7731
2102
9460
955
3275
8872
9
533
7992
7415
6750
4080
9169
1639
5869
9415
213
4555
245
852
421
4953
5706
4
8865
6928
5990
8918
4212
1873
3142
3190
1088
4938
9764
1147
3059
3339
808
3174
7041
8753
1320
1866
9455
861
7972
7938
2736
2010
5655
8374
4639
1390
4477
922
5273
9804
8409
64
9687
4660
5176
3678
8337
3721
7732
8904
8851
6899
3072
1091
9893
580
7937
4088
6357
7153
3592
4038
204
3448
9184
4579
5396
4351
8942
7425
8292
5551
6514
4510
8979
2688
1974
6185
9000
3813
429
185
9288
8976
8096
7295
8010
7778
5408
5209
4166
4286
238
2121
8002
3341
461
9088
726
3869
9698
5016
1829
3947
2525
9532
129
197
5202
5820
5716
2610
8173
504
9742
322
8492
3656
1281
5933
1995
8828
5962
6769
763
5130
9604
601
92
6512
2477
6019
4753
4854
4032
3955
1765
6502
7426
9395
7973
4123
9255
4461
2836
4822
5093
1452
2469
7232
8840
3490
5516
6051
4293
6887
4587
6170
4685
8054
2099
3938
6735
328
6908
1964
5329
228
8848
8923
7968
7075
4658
3927
5412
4996
2311
7184
8006
4244
9572
9413
4858
5543
6624
7132
1753
9183
4041
3301
152
1716
3106
9372
2769
9940
3467
5139
9079
7422
3794
1269
5343
7416
7179
6393
4485
8602
8371
2984
2228
9646
4294
4558
6789
598
3188
1550
8180
8198
7569
9429
657
6530
8786
7532
1935
5349
6682
538
7917
6531
7061
1146
6549
1977
8224
9224
881
5691
8505
8593
6004
9916
8308
5588
7148
8423
952
7228
9842
7967
6130
8978
8185
9659
2649
7345
9827
2322
1891
4093
2490
6206
9808
3451
6370
9062
7026
1132
5623
8344
130
6681
5098
4119
195
5663
9215
3767
7635
1843
9537
4047
5765
4837
4015
5203
1990
1233
8587
103
184
8657
4266
362
6916
7810
7428
3192
5974
7554
7058
9873
2033
2434
2272
9630
4687
9555
9534
4849
9014
1339
6054
670
2551
3789
576
9409
3619
8015
3256
1975
7832
3776
902
9626
2518
2584
4521
6659
5743
2543
2468
7754
4615
219
985
7890
7376
2617
3426
4823
6775
4711
9958
446
9733
294
9025
936
6154
8382
2246
8361
6793
2653
1083
7412
8018
8958
3169
8416
2547
6526
3425
3739
612
2363
3207
7350
2412
8697
4898
536
9151
6730
387
4747
1559
9517
8731
811
9787
1546
8698
2981
2562
5788
1929
4452
9806
5658
4533
7789
2312
6416
327
5975
2816
572
9249
7655
7474
2758
6352
8451
2563
4141
5487
3986
3075
4653
3115
8620
9741
4369
1170
4845
9312
6197
1957
8989
3883
7292
3984
2135
3468
6158
798
8586
4603
9711
5937
3228
7223
4956
8551
8067
982
8748
7042
6728
8203
4614
7985
442
6249
1361
6806
154
8635
9091
5983
7547
3753
1943
4460
3682
8815
5066
3591
3140
1582
1300
9980
9200
934
4641
6817
3511
4879
9219
608
7287
2289
8438
3525
8483
7796
5941
4828
9988
8772
7823
5732
4640
6559
122
1727
473
8424
8165
8218
9154
1276
7404
4730
5960
6305
2809
4857
1872
9683
6033
4830
6573
2118
7104
8875
7244
201
5308
1082
3038
4655
6458
7476
4229
7555
9847
3430
5079
3073
3441
967
2347
5272
5786
4194
8575
1858
1012
5406
1907
3697
8184
5884
6350
1280
7050
2336
9935
2578
9476
2795
7356
4589
1752
8408
6550
626
5165
142
4992
2352
581
7052
1381
4354
7594
7950
3836
7628
4145
8647
2604
1193
1094
6273
9459
8412
6182
6842
3729
1741
1919
8240
2479
2600
6729
5288
341
6798
3919
7515
9602
7091
9953
6494
5268
2587
8242
35
9943
1157
6991
4816
7218
998
2281
5297
1679
3344
6058
3522
4787
6820
8969
7871
6568
1580
66
2190
2435
5662
2915
3752
8974
2180
5018
4588
812
3189
4075
8461
9316
8199
2506
2240
9657
8211
9452
5280
6121
2596
1234
3737
7390
871
6504
7191
8630
485
5290
1224
9234
4627
86
8381
3747
8860
5073
5344
7137
898
1674
5001
2164
4269
1923
941
4882
5604
7311
5999
1217
578
1646
2831
4848
9616
2476
6951
5452
6654
6146
9044
5158
7746
1235
5386
7403
1102
2663
1119
8621
1397
6840
8679
6657
5388
7659
7475
4649
9152
3098
5775
8362
2982
8734
249
8157
1405
8402
2334
695
3988
496
7139
3553
24
1143
5544
3596
3331
6813
4591
8869
9193
6160
6265
8016
8687
8378
1600
2873
4964
7247
9702
9228
1037
837
4608
4859
6218
5460
9995
4704
8383
597
3266
599
9636
2686
3985
9817
9138
8120
9047
6666
857
534
2206
7116
5398
3802
9146
6003
1019
2058
9350
4915
6818
4719
8181
1687
9876
4285
1513
1243
3396
1306
4947
1145
4012
6143
935
6029
9095
5868
3547
1878
8487
375
5787
1511
406
237
1117
4801
1619
1937
3586
8068
2877
4843
418
7794
1922
9218
5840
5711
7248
6946
9171
873
6667
7171
4469
7979
5970
2013
4482
9061
5063
9317
6752
559
5505
3861
9952
72
8691
8245
9793
3357
5646
5935
4962
2308
6801
3821
6099
962
8841
2840
5617
8169
2225
9472
6050
9574
7149
6802
9329
7512
9481
555
4397
5903
4243
954
41
5205
4208
6945
8387
8125
1201
2457
1437
1444
9651
9875
7920
3634
5182
3418
6848
84
2800
5257
928
8565
2040
1766
7698
7068
7332
5565
207
7150
5232
4786
3421
3723
9719
8945
2194
6340
2715
7658
5360
8216
1900
3669
2226
7037
5755
9303
5978
5684
9120
7949
9673
5355
4670
9056
3679
9069
2917
6771
947
2452
9962
3796
79
8076
3881
8447
8171
5595
4446
9338
3740
1763
9363
136
1279
5577
8747
4937
9899
6830
2112
1200
3899
4128
5312
8082
4761
6636
2113
6498
1411
4960
8760
9550
3422
6864
3041
3935
9168
4940
3854
1226
6594
2813
966
518
4296
1541
7686
6852
7912
3613
3934
1330
1959
7183
9116
1699
1586
540
9863
620
3157
8040
774
2980
7201
8213
110
2568
2708
6527
3230
5366
5917
9036
8498
4
2906
6231
4451
7177
5477
8259
6164
8751
6317
6903
7679
3480
6733
9661
2431
5413
7899
9113
5331
6049
8194
5613
5891
652
7900
2156
9470
4043
5680
1638
8585
551
9301
6044
3127
5863
4405
8981
3713
2869
4812
1728
4600
3028
5361
2036
390
50
2409
6380
5878
7598
1506
5809
1455
5710
4543
611
4283
2290
8088
569
9585
4651
4198
542
7500
8266
3824
7699
4307
5934
6760
2097
3858
759
9601
2892
364
9931
5318
9644
3125
8077
9353
9821
8671
1195
4957
8982
7134
2056
6118
5879
1844
8596
9739
5967
9348
4337
3289
5603
8060
8170
5071
7136
7926
8761
4040
550
4331
9346
6741
1749
5994
9181
6664
1283
7451
320
6620
9336
5061
4102
4783
4881
3636
8254
7844
4107
2151
9343
244
8478
6314
1823
9862
8567
6810
4171
2818
1141
7367
8909
4657
8182
7151
989
3163
8907
4918
2594
6562
3890
2148
5105
1521
7450
5107
69
8566
9365
488
8532
7354
6907
621
4448
9010
3130
8895
7781
1554
4364
4910
2935
8862
4292
9252
6532
6712
9933
5447
1465
9802
8473
4936
7272
673
6582
4549
9779
2676
3847
3378
1375
3594
299
8615
289
8491
7772
5995
5512
7145
9403
1616
3416
176
2418
7496
2430
7365
14
9575
6635
5806
5484
9528
9794
3921
6440
2376
5153
2878
2248
4869
7595
535
3250
409
8775
4807
9231
2651
1837
8231
6186
3571
3711
4020
3206
4610
846
3784
2844
7614
382
7190
7654
3579
2055
9832
894
5892
3336
5601
6316
6205
8737
6433
9894
324
3654
2335
8648
6445
3826
8871
6089
3474
5271
3074
9448
2144
4005
3645
2395
5508
7318
1818
9443
4329
6693
2992
469
8791
1939
689
9620
3328
772
2345
8343
2757
5610
308
7453
788
6139
9746
331
2655
9660
8041
8712
5475
7399
6794
2806
8261
5761
1828
5500
2598
2405
1715
6410
2943
2989
6953
4630
6778
491
2247
6181
4678
1155
1635
3518
5046
4896
4301
3879
2718
6333
4503
1078
1512
3552
3362
7786
9135
4683
8004
4538
8881
5961
6400
6713
6002
7721
7060
5208
8560
8829
440
9189
7653
6699
9868
688
9441
3278
5901
8155
5627
1838
7650
4463
3848
9561
9100
2913
3200
5902
3112
3982
728
6200
6039
3639
860
3370
3956
8130
9977
4305
5882
7122
6517
8509
231
4430
8992
7002
4932
3675
6488
3754
4988
3470
9631
1886
6826
8048
7229
5679
3477
2018
7966
9270
9909
8363
4499
7872
2449
714
8057
7216
2130
6230
8892
186
2699
3102
4979
338
2249
3705
1910
6101
1288
4644
7370
4215
2496
9140
9632
6898
9571
5379
3933
2471
2319
2544
6088
3410
2996
1293
471
4402
1654
7291
3939
128
3603
8237
9419
5947
3263
4562
9163
5449
5893
5545
1987
6369
5973
6236
6844
9307
9368
6922
5060
4552
480
4079
9618
9195
3978
8014
8622
8085
150
3963
5832
5511
7300
3129
9115
6162
5458
8939
80
2512
3602
2215
4483
8732
7098
7066
1667
7054
6758
6808
6711
6062
4000
6412
7550
7820
7047
3353
8651
9697
2205
3920
3120
5759
1242
6858
5409
2995
3918
6986
345
9334
6783
1542
81
6501
2200
8680
7246
1973
1535
1848
3840
3167
7981
2350
5301
9287
1136
4417
7117
9819
5885
9754
1717
9144
6676
3508
8659
3708
8972
3559
2408
9008
9167
2812
1613
4997
4267
9737
747
1642
6860
7610
5114
7660
8417
4473
4751
1669
6591
6226
990
1632
8543
6238
2693
3476
8024
1697
8078
7022
5463
2712
5547
7845
5778
722
991
5054
8000
1171
5374
3242
2407
4275
5929
2388
9849
1650
278
8733
7503
6268
2641
427
1810
6026
7913
1771
3122
6030
1307
2802
6106
813
1364
2634
3722
963
5235
6059
9187
1213
9360
1993
7879
9531
7056
6034
553
8039
8500
9510
8724
1953
1704
6469
7119
7506
5315
3025
1754
2680
1826
6233
2425
8177
3118
7710
9159
9822
3666
4187
9736
8995
3774
9412
8175
1869
7107
1015
9467
7613
4946
7797
2351
1776
575
665
4164
169
7597
8846
2057
8263
2656
1913
3458
3346
717
7227
9912
1144
392
2746
7621
1588
7032
7128
31
6290
9277
6009
1851
6256
506
3628
8519
9704
4049
290
8386
3629
4714
2494
1473
1915
8324
1949
7935
9170
645
4418
9272
337
565
4767
2636
1592
283
7997
9966
65
3880
3870
7417
8962
7464
2934
167
1121
4851
6576
2054
4113
5835
6584
1323
1528
2771
7294
7073
1988
9884
3274
2642
1529
9780
2776
7589
7181
3186
5367
6990
5336
4982
8672
1652
8494
361
4976
5088
6298
1795
2084
8209
1584
6632
3146
365
3478
7905
463
4698
7600
9851
2964
3937
6483
4306
3088
3860
1321
2401
6552
9785
9020
2088
2692
4009
6892
7667
992
8298
7286
5120
5762
7339
6373
5529
2287
3949
7432
1932
4731
2068
2854
7471
438
7355
6876
6804
6967
3252
9477
2626
9064
8516
8612
10
4130
441
2605
5365
9547
1982
4791
2132
1751
9674
1099
6896
5285
6614
1277
2439
7770
4362
9311
7437
4466
7999
7413
5234
5563
3444
5574
9761
5980
3056
9401
7548
229
4860
9182
9883
7847
1673
2939
6052
7860
7952
1868
6478
5147
8179
487
5486
5322
4642
8924
661
1123
6566
3244
6395
7773
5782
3281
373
3768
7624
2884
1182
4388
3569
655
7516
5193
780
4836
3922
9238
2257
2451
9881
4931
1519
8225
9497
9394
3185
107
5915
7492
6732
7480
56
9124
643
8065
6540
1745
3308
3099
412
9300
6127
9226
5068
9385
9389
4575
7531
1033
9781
9989
1672
7634
7751
9747
3969
8012
917
2003
5606
5912
7456
7534
3238
7222
9921
7067
3424
8900
2280
6105
6280
6435
9565
1604
6446
8135
6927
6890
7822
6296
4459
5075
4966
6293
6589
8926
6738
4177
8073
4391
1156
6024
3438
2516
3642
4720
6905
258
4310
8446
478
2763
7077
8458
7250
7718
8145
4771
342
8328
6075
2820
647
3703
2870
5323
303
5914
5393
2630
6855
7361
4919
6600
9045
106
25
6617
7271
9649
7700
6108
8921
2142
609
3894
4068
9633
4060
4226
2644
1756
3762
521
9268
4412
4136
148
1863
3317
8576
3850
541
7587
5857
9438
4077
6879
9693
784
7112
6829
3585
3550
91
8318
2687
3953
6155
135
7343
593
3364
3658
4314
885
8885
4713
9058
5363
8022
8020
3655
4565
7414
9543
4204
8168
1495
8105
4760
7636
6497
4087
8228
5918
7200
6096
490
5735
3632
5555
5194
3865
7379
4750
6554
474
5713
1165
1401
5611
3756
1813
5814
3818
8431
96
8740
1544
3633
624
4081
3340
270
7817
9273
8986
5609
7173
5295
1257
856
3720
5081
1340
9359
139
7003
9895
9173
1597
6460
6691
4191
6436
1331
8646
8376
3930
1042
4991
8816
3676
2531
2313
1552
2927
4414
3405
9217
9786
8400
7457
8891
3224
2027
4346
7211
8032
3415
7389
4835
2043
968
7167
9097
3612
3257
8414
8340
6871
978
192
7758
1101
2163
511
7196
1241
6602
7319
1043
200
2264
6064
4855
6302
7663
767
8808
3215
2274
4875
3349
4636
5837
6651
1634
6190
6159
5085
1520
9666
5492
8556
3996
7864
9857
1620
1854
4804
7251
8152
9482
7316
4348
7213
940
8399
9669
1067
8701
6952
9936
8243
4676
4149
986
4890
4249
2046
2907
3600
7072
692
8504
4963
4382
6862
183
7320
4156
4455
6467
8558
3500
5247
8788
7024
680
8877
8075
8115
6189
932
8072
2743
3486
7282
4434
5490
8161
9610
1299
2882
6418
3031
2527
7484
1203
1668
4746
6747
9424
8857
8652
9236
7055
2865
3853
523
3121
6774
9075
7632
7625
9207
6420
1928
5845
3237
5420
175
4151
5289
241
9060
5146
5177
1707
2419
5415
9770
5952
2062
723
6638
6930
8036
8927
5723
9684
5744
2745
3866
1718
7364
7857
2714
9085
7493
8955
1112
8678
2233
916
9237
2921
1938
979
8425
1166
7615
5650
7774
2227
8901
8739
8053
4618
4993
9512
5909
7462
344
9681
836
3047
1952
3877
6
3917
4263
6875
9281
2890
7120
8133
6553
2988
5013
6805
8316
8163
1958
317
2127
3875
4406
7268
1018
2517
9850
850
1383
6161
8397
4004
6598
7133
8126
4954
8661
3286
2459
9605
4203
280
8486
4403
3863
5244
8495
8190
3783
9478
6998
6963
9818
1370
6668
2007
8452
1432
4021
9449
1140
1183
9536
1470
6753
7536
5804
7637
2188
6116
7862
1212
9054
7647
8223
563
7063
693
3718
4665
260
5546
3307
7226
3707
6119
7034
2462
1025
3095
7723
4582
8929
7799
4872
3957
5223
8549
4383
8396
4617
4196
2265
4539
9768
224
4967
7742
5089
5317
5676
5179
9096
6604
6175
7880
820
7029
1842
4708
2364
7798
8441
2944
4628
7565
3735
1204
7549
4109
995
3276
9024
7714
9527
2353
2677
9396
2965
4994
3611
7468
7108
4507
6910
4970
8273
7582
825
1076
9063
919
6599
8708
1845
819
7948
5256
8894
9257
6822
1468
2810
514
5859
5656
9752
2110
9248
2111
1333
1540
9361
8311
8681
1536
4886
1057
4902
9769
9941
5720
9295
8428
4793
1023
6388
927
4246
2541
8401
9369
5736
2128
1431
3887
9279
6450
5328
5953
3983
3851
9749
8971
252
2191
660
2497
5561
140
6287
3404
3144
591
2764
2859
8444
2529
4216
8836
3799
9212
7159
4121
4098
3251
9932
502
8683
7324
3681
3558
4625
6069
2380
2786
4547
9198
7941
4666
4297
6836
2066
8998
9471
8735
3517
4863
5195
8345
8124
5886
8293
3149
4033
2969
6796
4057
2360
7124
484
2079
3803
6361
1578
4563
74
7160
4899
5873
8056
6315
5581
368
2487
2343
8055
9442
194
1832
226
257
1812
5395
9483
3614
1442
3530
291
6351
8313
1617
7693
1579
3368
6982
6934
824
3231
4161
8879
9203
4178
7841
209
3135
8692
38
9384
2193
1058
414
6841
7051
1533
6616
4980
5481
9930
6178
6811
9725
3133
6427
3845
9133
8663
8853
7402
2983
1508
9705
3347
2815
6503
9658
7705
6803
4943
3849
5169
7964
7533
8536
8759
114
6219
6610
8750
6399
7911
1312
6334
8645
282
2171
548
3670
6211
9487
8309
355
6669
5807
7013
7486
1380
5384
8614
9009
9251
6770
9564
8967
4955
882
8131
7188
1177
3710
4535
182
4664
8717
8795
3712
1456
7443
6800
3597
8965
6940
7270
6183
7586
9209
4074
3460
5092
7915
4147
6572
7768
6655
5249
5527
5566
8755
1710
8063
1062
239
7446
4629
5504
8305
3214
2492
6987
2106
6938
4373
457
8916
8725
2210
6020
1945
513
5101
6746
953
851
9388
7309
501
5304
6345
285
2219
4722
3770
3651
9816
1430
4566
30
9201
2495
6462
163
7604
3498
6889
5644
9328
8624
3902
48
4573
3427
6077
3856
6883
1917
9005
8535
8420
668
6406
2957
522
5538
1991
5692
8106
3843
1662
8726
3459
6368
6425
6113
2826
2175
606
4832
5294
8837
6007
5325
5760
6542
7239
1013
3779
5346
4111
2887
6675
5213
9865
4112
8502
3793
3948
7089
2925
5675
834
5848
9712
2333
8773
6398
1695
3590
1483
5920
9515
1522
5846
9494
1332
1066
8367
4654
9286
2410
6975
9951
6767
8327
3649
9799
4705
7638
4148
4893
8097
1008
6642
3829
1822
8728
9590
7836
3292
8471
9593
3029
8220
3245
7527
2009
2266
6453
1624
8694
1847
7729
7447
3324
7831
2375
8897
1266
9050
2146
5035
2024
9970
1250
5300
785
1368
6125
2782
8089
9514
2916
5705
451
4606
3070
8714
950
710
405
9748
938
199
9942
8852
9439
1830
6846
552
8005
4299
7021
7189
2808
696
5921
1363
2034
2901
190
2437
2532
6192
1883
2538
7827
400
537
3769
5966
311
600
5229
2914
4230
2536
1308
1640
5829
1852
465
9208
2299
1111
6597
1227
6306
1052
8102
1731
4580
9081
8855
2573
2340
6660
6301
4317
157
4320
4181
4567
5353
5333
1440
6210
90
2744
1840
8186
2948
3004
3637
8805
6727
1509
3277
6382
8915
6944
2
843
5738
4900
2858
5152
171
1965
9225
6275
5104
3299
8623
2474
5178
2897
3714
3017
6960
582
8887
2080
416
8287
3287
8654
791
2415
7174
5377
6980
2519
8843
8268
6429
2042
164
7033
6619
4695
5129
630
4774
9410
2827
4312
3966
9382
4487
586
8269
7490
8676
9131
2075
650
7990
7102
5480
347
397
2597
6831
2047
2823
1556
6110
8314
4681
1729
9022
3896
5963
9581
8710
7762
2448
3012
9613
1336
2748
9422
4729
7677
2986
6563
9048
4456
3980
6417
9688
9374
8405
2505
821
8372
3096
6754
5137
7325
5400
5513
5602
2147
6144
9399
1896
7575
1402
7435
7994
2961
2962
1850
9545
7420
8538
2694
7038
5907
7260
5424
5427
222
2985
7261
5385
5625
5059
977
2659
4799
4906
9341
7669
6845
8496
5659
1004
2648
5776
5276
9263
3473
6556
5936
147
2533
4892
1022
9685
6394
3069
2369
4154
4163
3709
7322
7839
2262
3187
5183
3374
6452
4601
8991
5307
9790
925
3623
5946
7561
7123
3644
4387
7212
7740
3885
9285
7267
9774
9178
7235
9738
3589
6241
5151
3043
7907
6645
5767
4126
8858
6255
9609
450
1571
5224
5237
8842
7429
4427
386
4257
9127
3401
2569
8941
5531
9519
9801
8952
9239
1472
9132
700
5758
556
5981
6626
5134
1240
5926
7537
7008
6365
8812
804
8749
4288
5525
5552
9986
827
7284
8581
1876
2900
9029
7310
7648
7974
7090
4928
1070
7105
2874
6216
5382
330
6678
2186
1172
9380
6499
6698
274
6270
3372
2654
1561
8013
89
9457
9889
8229
828
5110
2341
5530
9267
1192
9791
3013
5639
4733
9434
2278
5103
5831
2086
1693
6931
9393
5896
3532
9904
7094
6961
892
3001
3994
9018
592
4026
9588
5009
7302
2535
3193
1374
7640
2711
1504
4616
3397
1044
7408
9243
8395
5785
8468
2303
2438
5698
9122
8031
4909
4415
6358
7670
2470
7165
9985
6021
379
9844
810
8670
1264
9185
3046
8769
8513
9948
2458
8176
6237
794
2124
6257
7138
3369
6224
8553
4235
6253
6546
6917
3830
7505
1461
5264
4710
5298
9853
5246
3006
8003
3884
2566
6911
4347
1011
3304
1663
2734
7143
6560
2919
5474
3382
8627
2199
319
2767
2643
7193
3995
8442
2778
6217
4958
9525
5642
7217
8338
8525
6854
8038
8391
1986
9489
8515
6704
4025
9068
887
5562
4574
3997
9507
5048
3640
3962
975
5197
3882
2953
7023
2938
4972
5614
7703
3573
4162
3150
6311
7876
3058
3839
5678
6038
5310
2592
54
7255
5468
3915
6587
2224
5017
980
5319
2564
6171
2609
4561
4782
2991
9870
9907
8448
259
6742
9274
5015
8315
8510
9309
456
1894
3199
2029
8953
698
4643
9526
662
8562
5399
520
5823
945
7301
1555
2242
5461
7750
1532
1075
1744
4220
7059
1258
8007
3604
9332
378
2049
1992
1885
1443
6145
8529
8172
3576
6260
9858
777
5686
4914
5977
9558
2608
6913
1607
8893
9974
60
8601
3065
3942
2359
5674
2834
761
8398
6068
7825
1311
8873
4478
7427
9753
3570
8943
7748
2356
9718
4231
9834
6072
1348
5605
1035
4407
4046
6971
675
470
5275
4290
8931
5106
8026
5964
9356
9653
958
9469
3326
3453
4304
4662
7010
8564
7568
2155
6041
422
44
8832
7353
4545
2192
8134
126
2701
6138
7220
7570
7618
8333
4454
9745
2466
4313
5585
4475
8029
1229
1230
3428
1779
3403
1515
7791
1110
6193
1636
5828
7448
845
3605
915
1733
1009
2187
7580
2843
230
1092
4945
7126
4599
3609
7076
7909
5780
7233
4824
618
494
4044
2309
7277
7380
6246
7824
2707
6152
9814
8206
1113
2790
8356
3042
4743
1738
2698
9918
4242
6786
7405
8757
9513
3631
9701
9854
9810
10000
9552
6539
8277
951
7467
8994
8512
4901
8547
6036
7288
5841
7719
2821
452
9908
1216
370
4271
5002
2216
9358
2328
5855
8286
5821
2717
5536
956
1097
4034
8898
1761
6441
9109
3940
4302
792
4839
3971
1245
5998
7265
5688
2589
5032
1784
9735
5467
3625
1005
959
2165
4224
1767
4420
5299
385
1569
8267
4635
9108
7521
4826
4379
325
8296
1859
5972
6444
193
1072
6672
715
9233
4853
9052
2555
5866
4160
7943
8017
1788
7733
3857
42
7349
8407
1059
6235
5262
1053
1186
4233
4134
4250
8608
7995
3178
3528
4396
9686
121
5703
6662
8389
6331
7564
6100
4274
4256
8884
6878
3943
6461
2683
407
817
7608
4985
5631
20
6825
9729
7499
6173
4260
2783
2941
789
6479
3556
7509
9956
8227
1888
6973
4045
2502
8628
156
874
144
476
529
3750
3893
8303
4442
2607
8319
5422
5274
4794
9569
2358
4142
6538
98
5945
7144
2021
7965
8474
1404
1534
9086
4240
939
1500
2073
7400
3191
7419
381
3039
7984
3297
2273
1782
2440
6776
6543
9864
3466
8604
3959
870
1881
2441
3291
6432
3128
7097
6000
637
3076
7146
7342
3219
9901
5221
8045
3732
1628
6492
6849
5030
2035
1350
4010
6198
247
9641
2724
527
3683
9349
384
9241
1409
3290
1719
5087
7065
8410
4069
1428
4054
5293
7765
9293
7760
970
4321
8830
6220
286
2316
4739
2861
9259
3195
7039
8466
1125
5340
6984
9640
7186
7049
3665
4182
9508
6684
6464
8098
315
7684
5923
5348
2243
3054
6278
7130
4207
3318
4143
3260
8580
233
3733
7923
1980
5144
8247
8336
6809
7053
3114
5522
5664
4497
1304
3002
7328
8675
2310
447
1366
4360
8768
8008
2993
7933
5645
4586
965
7518
4277
5076
5263
4232
8594
3282
1457
1809
1421
5867
2378
5470
8507
1880
4518
5600
6696
8527
2627
7080
8917
8251
6993
1459
159
6214
329
653
7542
7057
8323
9458
5270
336
8070
3925
7011
531
5136
7205
585
4117
6123
4359
5210
5817
3924
1282
3249
67
3212
4819
3580
3160
248
7806
8332
8051
277
4334
2422
7676
4139
301
6073
9430
261
3090
2674
8977
9001
9101
5218
203
2229
1346
4432
8634
5095
9788
9276
2406
4421
9493
4912
2975
5665
2725
4576
9190
2875
3820
234
8001
3972
7207
9972
7526
5730
9954
1871
4110
5683
9984
1740
3057
7407
4889
1887
815
636
9728
1817
8908
6091
5521
5414
7458
8658
6688
1688
4856
8144
5391
6094
1978
4647
7463
5491
3104
8946
196
9433
1921
1107
9089
1093
6791
6983
9892
9053
9540
6677
3889
4740
8703
9656
4422
6745
5687
8146
8874
6122
1734
179
1658
2668
9947
2903
8723
3381
3534
2404
3423
1908
6571
94
9123
1906
9320
6295
2650
5173
1909
3147
1516
2753
2929
667
6578
8849
9905
1414
4923
4742
6816
745
5199
1392
900
6656
2271
1902
6520
6714
7511
7902
7204
2063
3352
9982
4070
7074
97
859
9462
2324
5383
5007
6212
4553
5584
1188
706
8290
1484
9773
2048
3443
6294
8639
1612
7954
734
2383
6763
6631
2074
7945
5171
674
5949
7868
1080
4668
830
6378
5187
4609
9206
2721
7466
6734
1877
1362
1160
4375
2950
7230
8738
2947
104
217
7007
8009
8379
5596
7986
7712
8988
6322
8784
9589
8864
3016
751
4669
1462
7086
8137
8554
6652
4734
2602
6692
1772
8158
9121
5875
1325
847
5834
1438
4361
3210
3241
6245
4697
9440
4961
5583
4984
8598
5033
3101
8709
2072
8796
1608
4158
3465
1979
6634
3205
3222
2703
6297
6022
9766
682
2030
9993
9969
5549
2238
1050
7330
1040
4129
1246
6387
1984
5313
2856
697
750
3446
5580
4366
7815
1309
602
1273
2801
7401
3302
9757
1587
4325
5222
3785
7709
6023
7755
5812
2749
5472
3936
8136
8949
9906
9597
9355
942
4327
543
2958
4818
1931
6508
6151
5338
1720
6577
1548
6687
4534
53
7225
8542
4184
8449
3044
1305
4867
7031
4013
3801
5824
7716
7154
6679
9017
7155
3741
4291
8641
5701
4372
9825
9797
5428
5681
1783
4022
8079
1567
6569
3350
1357
2713
924
1047
9019
7245
8990
9848
571
3907
395
7867
7838
1573
913
2799
1501
6046
2174
8434
8475
4578
5161
4513
7096
8239
7423
7960
8380
9428
3079
275
7851
52
6630
7578
1087
4868
8043
4847
7019
6063
641
3567
8686
6448
4227
6377
449
5568
1694
8766
2681
6292
4776
351
6172
8933
6915
3407
1261
1225
7651
2894
6524
9890
8393
7182
6476
5985
5749
7626
131
2787
8758
6343
8011
1884
1856
2552
4930
9324
5094
3859
214
7930
6663
1686
6031
9856
3663
7030
8141
4883
7883
2940
4416
9337
6673
5150
1382
547
6390
6622
8445
2814
2213
8419
8457
4029
6066
5564
9813
9580
4152
4214
9192
374
7928
7015
8610
3479
2398
1263
2261
5051
9885
3772
1337
6320
8034
5240
1948
6866
8201
5401
4071
623
5496
5141
9405
9886
6707
2307
4413
3048
6748
8256
2381
2450
3945
7099
5803
7607
1933
5320
5445
4018
658
6743
8455
4042
6335
1651
4051
5372
5911
2860
6018
607
6422
509
756
6819
6644
5407
1152
508
93
8626
5084
2000
349
1857
3510
1127
9920
1678
4693
2059
2472
8817
6897
3464
3816
2895
8150
2576
1942
2162
625
2879
8132
3429
5818
1187
2493
3773
6428
2635
7127
4833
8099
5672
87
269
3687
28
4411
236
3183
4481
8202
2429
1712
9696
2652
1824
2760
2366
855
2886
3285
1271
3526
218
8093
5056
1169
8984
4381
754
9074
5231
1648
3117
8479
5532
5942
420
3202
926
8222
1355
3903
7092
7704
8453
8834
4523
9981
161
2660
9321
9034
15
3447
9119
4100
7477
1595
7249
3071
3748
4039
2204
1446
1621
3800
920
5790
4380
5608
799
3667
1041
5634
8080
3089
9118
6248
4592
9675
8807
2509
7977
1349
9376
5719
4546
1256
5082
8101
8914
2852
1103
5988
7706
1139
5554
6958
5488
9367
5499
6947
8557
7814
3085
5069
5958
1496
9878
7254
6424
904
3805
3092
1418
2521
2342
1577
8265
499
7313
3313
297
5569
838
7735
7821
9645
9915
2872
2534
9451
801
486
6941
253
3440
3105
2849
2737
8339
5624
4694
1334
6536
2949
5811
5482
1061
4986
4645
5618
1997
5196
3161
1956
9639
6837
6705
431
3970
4445
9087
1319
5438
9880
2455
2133
6936
733
7020
4282
1614
4349
2268
6643
7971
1934
6942
9556
3225
8153
4192
1180
1138
4888
676
3010
273
8609
2977
3582
6534
8443
8730
5833
6167
6507
7338
9595
310
3979
58
7110
6376
5791
3000
2926
5100
3577
1433
9040
6454
7584
173
6011
6772
4924
5190
5212
651
2129
5594
6430
2979
3674
1410
9708
7333
6797
4717
8520
2759
3414
7240
567
9938
9647
4114
7142
6017
5439
5872
151
948
3668
9502
6215
7576
6328
4758
6867
4103
4385
863
2675
5074
1971
5302
729
2705
1221
6104
5255
8912
1623
1841
2461
5507
5321
1030
4689
1659
6163
8592
5858
483
8903
3355
7252
4076
2514
7198
2304
6037
8464
5471
6548
5956
1572
1575
6202
1150
787
3247
3520
439
9560
8606
2006
9318
5446
7691
4471
4086
2728
5815
3958
4490
890
1115
3529
4939
6773
1039
3158
6853
6528
8156
8499
3399
8299
7792
5854
5214
9106
5794
849
2755
7785
8187
2109
4874
4725
2150
6131
423
357
6665
9664
4778
1211
6244
545
9156
5772
6299
1285
63
1627
4423
646
4995
9874
7103
1839
8801
2498
2096
5724
8936
6834
8767
7035
9104
3786
590
2580
9573
305
3542
1056
809
1889
4343
8531
9924
304
3461
2402
2426
4394
8774
8700
8930
9112
1378
3267
3742
5518
1445
1983
3153
7358
3659
4948
9505
1633
8450
7641
4532
842
2851
8456
8403
2556
4202
8481
2554
8110
9432
9261
8867
372
4356
8649
5982
4718
8109
1487
3488
6485
2374
6706
2391
1071
672
3223
823
5533
2244
8545
313
5354
2640
4399
1596
8210
3283
5041
9205
1615
4542
3412
7619
7434
7541
2318
70
3702
3032
9214
5712
8597
7875
2141
8329
4621
4500
1298
3315
7644
875
7258
2862
5124
5861
4626
9094
1780
3469
7881
7688
5335
7044
6157
3905
3901
3704
6985
7018
6045
8370
7202
298
1191
6284
3035
6639
1846
7711
6731
8111
3545
2830
3005
3835
6493
5359
2702
4754
3258
8883
265
2293
3581
112
5077
3563
8188
5086
6228
3394
1162
7646
766
2414
9714
7523
5479
8770
3999
5380
1251
6640
9882
2357
2254
2222
1310
8618
5149
4350
8579
7236
3766
3220
5950
7444
4528
2023
9608
737
5944
2695
1208
4721
9679
1095
2970
725
3731
6575
5495
9202
6397
3033
4338
2709
4978
6518
369
6407
4105
8568
6970
5570
6086
7121
6506
5888
3018
6943
8488
7088
4841
1027
2777
5057
8664
2784
9073
931
6442
7924
2090
2297
160
2373
908
5003
5598
6386
4023
2946
3989
2593
9835
9153
6102
2822
1736
944
95
4620
9830
4003
4180
8856
6544
5281
8911
564
2553
4789
3876
5143
6611
1338
987
3066
752
993
444
2433
2389
8081
1804
5220
7046
5138
6792
1898
1105
9230
7005
994
4094
1109
6364
3635
7266
976
6686
3484
5198
505
8108
4116
1819
8322
8715
3413
9910
2421
9418
3390
6084
1100
8244
2817
8631
2480
1951
4903
2267
2867
8665
354
9600
8413
4885
741
8569
3082
6204
7106
9223
6078
6674
9501
9583
5028
7498
4173
2241
9621
399
6495
8406
1831
4082
5109
6965
7724
2212
4638
4253
6259
5542
2661
8426
7777
9098
7593
9278
3132
2994
3745
8087
6043
2201
1223
1247
2582
3151
5450
1924
2285
4341
4138
6176
4324
6999
5797
6076
5694
2283
5905
8937
7481
5455
489
33
1656
5387
5620
1941
9155
6924
9623
3305
9055
6603
6134
1209
18
1946
8214
9967
2987
9837
4805
2354
8037
9454
1551
7069
8570
9446
7483
2807
9603
8092
8806
7606
6921
4008
246
3672
9715
3037
6537
8674
9716
5332
9642
1425
343
5633
1947
8279
4115
1681
123
6981
880
5612
9971
5418
8167
7878
7176
721
853
3173
8121
3019
4272
9606
3841
9196
716
493
2326
918
8544
2595
5939
2613
1759
8274
7675
4219
2270
3536
3568
4842
4251
3575
9541
9379
6149
3616
7975
4078
3007
1290
8960
7016
669
2152
7383
4056
5000
4688
744
2524
2615
7141
9390
4072
3081
9831
730
9111
5404
1593
718
3787
7914
4524
6886
884
4876
7331
9164
6201
8910
5253
6872
1026
7472
7368
6721
8906
5233
2444
8966
3023
2456
6285
4108
8882
6005
425
8484
1134
8418
3812
2218
2183
6601
5410
4328
306
5337
5186
7048
1426
7826
7804
909
3664
8876
3873
3383
9533
604
9076
5206
4188
8221
1793
9677
333
8357
2260
5572
5403
2842
3408
5777
5464
4374
7726
8696
271
3730
2251
8281
7326
3554
3108
2871
4340
1507
4737
115
8572
2482
5097
7978
4506
5111
6140
753
3521
6895
4186
8685
9937
7418
1701
8677
495
596
19
3055
6884
7793
9134
2902
8069
8042
4424
7622
2618
284
3384
3159
678
4238
8765
3386
4221
1611
3162
4144
6229
2673
614
6082
6490
7528
6363
2001
2168
2087
8253
9945
896
6859
826
6547
393
4797
4335
8334
6764
9308
1985
9253
2889
746
1220
8368
8258
8607
5411
4894
8745
1133
8246
3077
803
3269
415
1660
7889
3379
6203
3312
3822
7581
6025
5181
339
891
7683
8143
181
3376
4572
7828
2386
7596
3131
7552
2754
8888
8463
6095
3548
4811
5629
3243
5908
790
2384
1732
3916
9509
2061
7178
1879
9302
3050
4765
5822
1161
8666
51
6785
7185
3524
6081
7199
6955
1244
2397
2327
5049
2032
4095
6187
9833
6471
2107
7603
7545
5997
933
3601
2537
8272
4027
633
1999
1295
3310
8385
7510
9082
921
4241
2559
5371
3439
9562
629
1352
9492
6484
5690
9811
5055
2646
3538
5636
9461
5204
1713
524
3499
5040
2700
6564
971
3431
9700
4462
659
6653
216
6234
6411
3411
1861
9266
8027
4190
3900
1755
4550
5808
9820
2282
8589
9330
2922
5844
9090
5026
4864
9898
7388
7164
6795
2803
6109
3791
8493
9840
9567
4920
6413
6085
9663
6060
9668
5757
6070
4089
9625
8166
2930
8140
3831
4476
9160
8321
8436
6114
1326
9149
6288
6403
9692
1114
5951
61
1417
7886
6880
6586
7666
2330
4193
6814
2603
2888
7697
7421
4779
5441
7195
7079
8369
9407
8650
8616
2513
4652
996
769
1108
6609
6008
4122
7848
642
4829
1714
5922
3063
5991
8511
6541
82
6481
5121
1499
9869
482
4218
1435
9529
7161
7231
1480
1706
2202
4526
9662
5330
7776
5906
1463
4726
2296
9546
4519
6447
2588
9740
8741
9549
9577
8707
2511
2883
1895
7722
211
1313
7000
1024
9174
3868
3716
2912
6525
6291
2026
4101
4692
8289
1260
9103
180
2157
4554
6269
1206
5560
9128
3116
436
6013
3259
2089
1198
4140
2522
5534
3804
8756
4410
5992
7538
4990
9110
1758
5764
7720
6720
5326
8119
132
2209
703
4798
26
3692
1814
7807
4541
350
3643
7285
7682
735
8625
2417
3111
9065
7197
5250
6997
9125
7734
3584
9992
263
5284
6832
2855
4268
2255
1794
7203
4684
1120
5170
9016
2841
225
3179
3965
8684
1085
7934
5754
9730
560
5654
822
3661
8147
1010
6570
8526
6968
2108
7131
6926
5282
6466
7256
3842
9955
2284
6401
138
712
5671
8656
2305
5539
3929
7114
6247
1786
497
295
8193
5751
9997
6847
4146
4749
4419
7344
8415
1583
6505
4607
615
9586
570
5660
6812
4707
7027
5381
4590
639
4530
7736
1927
6338
7369
396
704
1821
2071
6339
3509
6766
1524
7459
6976
1148
4443
459
9667
7611
3950
2931
8064
7961
165
9130
4185
3533
9105
6087
4404
4865
1798
4064
4365
1677
3727
4480
684
4228
2346
5453
9179
5316
519
867
1641
1016
3910
5661
1630
6348
2045
1296
5027
768
5943
1168
4104
2828
77
9463
984
9800
1259
937
8297
3777
6719
3045
9888
4780
435
149
437
2323
8317
1054
314
4509
430
3607
9466
4762
594
8797
7812
3371
3981
4672
5050
2314
3837
1173
2385
806
7172
3211
5773
3389
6838
4571
113
9584
5327
9246
8613
5444
3496
8831
5185
7993
3951
6555
7393
6574
923
1021
3819
4058
2232
4131
3954
6920
3298
2973
9262
2586
8264
1215
9939
6625
4905
8636
8047
2741
5756
6558
7135
9012
7893
3024
4815
5265
7508
9998
9416
6761
4745
4756
3531
7951
8546
1254
8540
5462
27
9767
866
2443
3744
5123
1471
7692
4877
6264
7896
2252
7874
4515
2092
8154
893
3700
2207
3011
1196
7903
3539
9129
9464
8555
3226
8477
1998
2390
9126
4838
2483
3377
166
3110
4438
9795
1158
5099
1448
8689
8718
6179
9538
2475
6788
9347
3931
9216
7395
877
1159
5008
6557
5324
517
6281
8582
7865
3828
6755
3330
4210
9221
323
8896
4696
2571
771
949
6141
3311
8030
1778
7853
2145
187
7289
240
8778
137
5266
8528
6782
1028
5200
5162
603
6979
3738
7495
37
4259
1086
7308
1796
6633
862
1176
2500
2237
7357
9015
3316
3593
3321
1825
1801
6251
5685
4135
3608
5306
6148
4548
6996
5433
6304
7784
4622
8533
2893
3844
8573
1231
6756
3227
7998
7479
4339
5890
3638
5722
2179
1683
3248
2197
4809
9965
4120
724
5168
2411
8785
6716
6057
8902
235
2601
6067
6133
8429
7559
1792
7809
2540
1454
4470
5870
3694
5291
2465
9750
6937
1287
2911
3587
5065
9999
584
3197
6533
5709
5078
4522
7701
9450
3177
7283
6184
296
720
1781
9397
6480
4927
5417
6606
6135
7932
8127
8421
3455
4236
4631
1692
307
6511
3288
2301
2706
9919
8633
6263
8578
4400
8823
6079
7671
9957
3284
8825
7884
8833
1359
9488
7454
4308
1969
4764
3544
7214
143
2012
3990
3680
7987
279
9789
358
2100
4384
9210
5651
4969
8091
3627
424
2657
2768
7334
2041
3551
9689
5669
9232
1912
5127
1966
1904
5894
5269
4671
6473
2963
1808
1539
9991
8300
4167
6671
9213
2050
8886
7478
2392
8050
2379
4935
6823
8023
1807
7859
1434
2631
276
3272
7685
9570
2933
4757
1367
8215
8090
1864
4570
2633
2972
7397
5012
4157
4073
75
5632
1248
8174
5862
5799
9680
3322
1194
2424
3909
8688
5731
9250
7375
7525
7897
6701
3432
1726
9468
9946
2670
4237
1265
4736
6103
6404
8437
242
5148
5715
8777
7780
7156
3296
1481
4318
6355
6762
4619
2508
6964
4332
7901
9944
243
4311
1816
102
7631
7385
398
9197
2286
4679
7620
2403
9655
2738
1488
8249
2704
205
5889
8743
9479
5435
309
47
6648
141
6904
5188
3749
8968
1202
3434
683
2612
388
3911
4977
6510
5853
1184
4512
5571
7125
8905
8083
6957
5668
1549
5813
5254
7674
6262
6006
2094
4827
9066
4489
1324
7753
4252
7763
5728
1855
3778
3335
4322
6863
8919
1345
1055
2732
1315
539
631
3871
8347
1479
3932
4594
7727
7430
3365
7259
1566
739
2789
8559
3049
1790
3549
8353
3763
11
883
5191
5540
394
5718
2853
262
3775
221
9333
4464
2295
8764
8310
1274
8482
6195
1685
3359
3898
2775
1609
6590
6749
9599
3693
1106
1560
8780
9987
6877
628
4280
428
797
876
1302
6472
8963
1175
5640
4052
4303
1774
2857
2394
6726
6207
8782
3375
5167
7323
666
6254
4560
2025
9425
6457
1538
7588
9963
9445
6129
4447
9792
2622
9553
3343
997
6779
2017
5421
6613
7517
4084
9400
9594
9323
1802
9383
9435
1629
5619
7081
9077
5419
4691
889
3091
1020
2325
8563
713
1154
4602
454
4715
1768
5599
1029
5157
1267
2082
2967
4598
1936
9484
7959
6595
29
7887
7861
3867
6869
1270
7491
8783
7263
2804
807
5927
6697
4201
5160
5122
3699
8404
2400
7800
5802
8284
4613
9417
6074
1427
8964
2292
1497
2794
6516
2805
2998
2570
8813
709
4702
7696
7787
9305
9598
8944
5641
1576
2423
9777
9339
4634
3279
4353
2339
1210
2819
2182
8702
3262
9147
5849
5376
3501
7743
1591
5742
6925
363
4409
2349
9325
5916
3677
2765
5091
9165
9721
1836
9960
4502
895
1118
7910
6332
348
6608
5189
7544
732
1045
5126
1205
7529
8913
2625
1834
6856
9427
4983
1705
5423
8035
8762
7916
681
410
3030
2484
3923
3332
864
6042
5714
2719
7381
4441
5042
6374
8019
1897
7362
2747
3743
7837
1637
9271
8033
4770
2123
300
2733
2436
8074
1415
2149
5498
6647
9866
1126
5370
2796
4784
5704
5045
118
5456
2620
1343
9734
7957
9925
7170
1239
2779
7694
4024
2507
8591
3213
119
4358
5483
8863
5180
3100
1376
4055
7411
1491
5839
5305
3138
3420
3780
2978
4498
6835
2365
1760
1424
5741
9968
6882
7962
7352
7599
5215
7502
3264
1351
9423
7819
2160
6592
2684
888
2481
8951
8920
9629
1721
1286
2632
340
1185
516
9042
7752
7406
7485
3736
4398
6496
3148
832
2181
1926
9145
9511
4559
125
1477
546
848
8552
8950
5116
1553
8861
3392
6221
4908
411
4319
5006
158
3719
7858
7290
5352
3014
4179
21
736
2234
6641
2332
3618
4564
4165
2427
8584
3345
4850
4727
4680
8629
332
1278
1696
9582
1517
5005
3325
6621
7940
7662
2115
2689
783
7980
1416
8928
9475
1750
3156
4234
3944
8235
3293
22
3107
5766
4030
554
6372
9247
5131
7312
4150
2019
9275
7278
6690
3992
5740
9194
8164
1384
2937
1882
5593
4989
5207
7163
4768
6744
1598
7892
466
6694
281
1447
8878
4974
6900
4014
4511
7441
498
3717
5164
9784
2446
773
5252
5693
4831
3062
5652
9579
9485
7351
8835
5459
178
2014
8822
4959
4840
2399
4834
9421
6529
6242
9386
4118
3492
9070
5430
2221
2348
8129
648
8294
8844
2577
9414
5426
4063
1901
2491
7818
6906
8472
7093
8521
4453
8049
1429
8537
3764
5296
9676
4656
391
6090
3294
8787
4245
346
3201
9949
1675
5586
46
1272
2671
9670
2685
3515
9345
9375
3126
6329
3221
9726
5478
2362
2835
3852
4326
6336
3546
2329
7082
6307
8644
1890
1422
7612
4137
7084
3337
7894
2623
288
5442
3646
3504
1811
776
7898
7043
1657
5243
2489
4709
5437
7801
8302
7280
5021
2565
2453
6344
2997
3976
6923
8257
1347
5044
5117
4525
9092
1252
4067
3535
6180
7262
9067
6283
3387
515
2269
5783
6909
5721
1723
1412
9638
8200
3271
3891
5955
3334
2416
401
4316
4544
840
5770
4806
5979
9504
2291
5416
250
3026
8938
3964
9607
7314
2510
5989
4323
7224
5025
4846
5175
5638
5753
4247
1670
5666
8789
8392
8617
302
7849
7906
4557
699
8934
5436
7303
9084
7329
3229
7816
6615
5434
2557
432
5789
2723
5457
5357
905
7497
2585
2797
2464
5023
558
2628
5201
9743
3103
7863
8790
4792
2053
9587
4355
3306
7592
49
9191
654
9826
7783
964
3402
1292
8465
705
8250
40
7918
8792
7275
5637
403
3622
6627
9370
1493
2591
1329
1827
2579
839
5925
6962
6759
1954
6405
7728
9391
8706
7522
4225
287
4878
3068
3182
462
972
2716
9240
8793
6777
1394
6649
4871
7919
5900
8360
7850
2720
5431
8288
8044
9023
9043
4802
4637
6919
5746
1399
4944
4390
7473
6232
5959
1393
55
6873
3993
1474
9860
3463
3388
1709
3560
7574
3691
9141
6061
2846
2372
8122
4682
404
9304
981
198
8980
8779
7162
153
4925
5592
2258
1373
8094
1142
3239
1153
9142
500
4435
6989
1661
3516
1034
2908
6303
3771
8673
4732
8470
2530
9283
5576
7687
1531
1775
3807
4632
3309
2070
7113
4035
4517
5880
1423
9591
1865
878
719
6618
1342
9690
8350
7795
5402
5230
8539
7969
6015
9979
1820
3811
6323
8430
1849
4735
6988
1925
9927
7442
3391
8826
2231
4199
7438
5260
5047
3514
8866
2590
389
2942
6959
3393
8149
360
5537
3452
5910
7664
4887
2177
5887
1892
8139
2338
4426
5695
4769
6966
1318
2302
9072
9204
8595
796
8824
4808
8295
3194
5550
7737
7071
640
2488
8232
9634
7237
2905
4813
2955
5070
2485
4059
8490
9923
8307
1284
4066
4007
9836
6974
8497
5696
9002
5362
5524
7192
8802
4096
5241
6725
1289
7657
4712
8059
9983
8522
1017
9046
2572
3557
6885
6500
9299
9765
3624
1036
3367
4803
1757
4673
356
8925
2645
5345
9815
2866
9296
969
4315
2848
5239
3566
5279
6385
3653
6282
906
5242
4393
5827
1129
8148
6470
5653
7761
2762
1179
6337
2682
2990
1441
5948
448
7767
7988
9592
4376
2503
6342
71
8850
7585
5616
7279
1475
6274
6708
1449
2300
5038
2236
8611
4520
5375
3300
7775
5217
8234
6870
5737
7208
9352
3040
617
8205
7633
6028
5248
2833
4975
510
3960
5261
4053
2722
2105
6375
9220
2315
4965
3327
4870
8207
3588
1387
255
9627
9033
2052
5259
3400
6324
5805
4006
9136
4175
4810
9926
6718
3690
8632
7470
2638
7891
6768
9411
2726
9148
7036
7652
117
5575
3176
7996
583
691
6929
3323
8260
4223
6740
2896
1098
4595
99
1589
371
2672
2051
5919
2125
973
5192
3755
4724
1090
3232
9032
3562
7605
4197
3908
7922
3093
7609
9499
3968
1787
4395
4755
8503
2966
2504
2909
6243
9011
1505
2250
1557
4501
8763
5064
9744
3647
9772
8021
1297
7494
8262
3094
2486
4048
544
9310
8432
8104
7501
3684
6389
3494
7553
5865
9516
2611
5987
2910
8711
6695
9823
1746
3574
1770
2845
4605
5287
4176
7808
7070
619
458
5556
2549
8514
8577
7439
7843
1626
9891
2256
3541
4168
6083
8638
9331
3152
6112
8667
3689
2137
5227
3973
3164
3366
6136
4921
1369
7025
3814
6717
8983
6579
4444
3060
8335
7927
1074
7958
779
7465
3170
7690
5895
8588
8162
4723
7206
7947
6737
8331
2279
3565
3797
5451
7321
6414
4436
6001
1803
8373
5630
5132
7790
1684
6048
3137
8987
5443
7382
9117
5004
9289
468
2189
8695
13
4333
3086
4597
2621
8799
9284
911
9269
4125
1253
5793
2679
9078
1478
9637
3652
627
189
4633
7371
3329
664
1955
7982
4488
1853
8388
907
3914
3124
318
9643
5582
9264
4861
172
9306
1385
3255
4922
168
8252
1967
1077
9807
7556
9420
2850
9548
742
8956
9027
7885
4172
5928
8061
9245
8411
8467
4132
7504
9498
4951
8517
7524
4648
2669
7749
7756
6670
9710
3886
353
8485
2838
1379
7895
9713
2022
4584
3216
7678
3746
5115
4278
4330
5954
162
1994
1167
5286
5476
9031
3487
3759
6703
6250
2367
206
3348
1510
6222
2780
3598
9812
7409
8959
2387
3406
8947
9006
7363
8178
3706
8561
679
6199
7788
5058
2211
9083
3620
9521
1275
7101
1893
9755
8394
7241
702
6115
4342
9172
9872
6509
9007
8433
1316
5850
1116
1870
3833
3482
4999
7661
8377
5163
6902
4873
5673
7243
4061
6994
6286
9315
5485
649
4261
3165
2773
8341
974
4429
3862
1137
9229
417
5699
6065
3036
9619
3351
6289
146
2960
4650
8704
9650
3175
3657
7577
9911
2253
3027
5389
8025
2116
1084
1049
8189
8996
9798
1255
5717
1725
4866
210
4781
8460
9408
2361
8746
778
5029
1291
2959
5392
105
1899
3236
6583
2114
7567
7487
5830
2208
5968
687
3320
3572
3061
5342
6191
4569
7210
1081
7642
2761
5957
5080
1785
2337
1328
1174
5739
694
4913
2976
5697
8046
1335
4516
1398
3765
6977
1860
2885
4153
8375
6318
5938
1690
2752
6098
3724
7668
2832
9678
1353
8275
2371
5125
4011
7680
4825
4904
5847
1806
9635
9803
7336
7842
5156
23
7274
5851
5747
6995
2791
8128
6194
9778
9037
3084
16
8349
7702
2442
1046
6477
3491
5514
2445
9013
2028
634
7360
1815
7152
507
3433
9244
4431
8993
9491
6565
9175
530
6824
8342
2971
3961
9861
1547
4752
7805
2847
9486
8301
2235
3626
8642
7513
4300
1199
7944
2825
4952
1163
4942
7488
3119
9859
7866
3385
6874
5796
4205
7656
4401
8238
2259
2690
3781
8480
1358
9846
5509
6950
2396
1527
4795
2184
5523
4814
7869
5469
2574
9855
8196
6208
9568
9596
6097
2696
707
73
2772
4174
7087
2792
9922
8890
9976
4450
6865
6580
1135
6166
1190
9518
5140
9490
3904
2217
8716
9371
8524
5378
3872
293
2263
5535
5517
9366
5792
3139
2548
3319
7963
8062
2774
708
1396
1700
5010
7681
5810
2667
1294
3561
4386
2420
6439
4788
5899
477
1151
5356
6353
1649
1354
1523
1469
9314
1800
3449
4531
6266
7623
6092
4916
1268
5682
7833
6341
223
865
3695
8776
7242
3648
7166
844
3097
6128
3671
760
3758
3941
6426
2083
9235
9364
256
6040
2195
7386
1413
2666
1777
5986
6267
2015
6165
4159
3555
4262
1400
4425
8384
8476
3701
2904
7602
6888
8113
1916
2275
9038
2122
3268
3987
1327
7307
2136
6790
7953
2923
6409
4728
4065
5277
4028
579
3342
6827
7040
800
1232
6751
8117
4133
5567
528
1905
8359
8212
443
9612
5881
1322
2169
6371
8
3022
7558
1748
5825
3
5034
215
4367
7707
1314
3020
4981
8583
1543
9913
5649
8820
3051
6239
8693
5795
9506
610
9771
7158
1002
9222
7970
6815
5876
2126
2154
4785
4790
3254
3662
5166
3599
4716
6360
638
9751
1262
2473
1503
6901
1835
6421
3419
9107
7469
4699
6347
1867
9524
7855
9327
9456
3906
3864
677
8975
8489
8603
6325
419
2134
8103
1064
2382
7877
2539
2899
1124
7293
7
7129
9695
4759
8809
1764
1032
4987
8619
1976
748
2172
9723
2317
5172
2276
264
685
145
445
9839
671
3952
3698
9614
4701
1
566
4911
4505
3827
6277
8690
1762
7689
3673
3303
7348
8159
8422
7234
8600
8548
9313
6168
3792
7297
1585
4222
3080
8270
2727
4281
3493
8880
7014
8435
3087
124
5877
3475
4449
2662
9378
2863
6153
8534
4036
5541
9003
1972
43
1545
2824
464
8304
5996
6545
6016
9535
9756
7276
1711
6093
6308
1073
6839
9473
2139
6137
1466
3795
9758
957
2161
9530
8845
9030
5258
2119
2098
4852
5558
4773
4577
7782
1833
7194
9763
251
6408
134
36
5228
9782
7017
6392
943
7672
6014
2523
8191
5184
6486
6313
39
6451
8354
2606
3354
7929
2004
1089
7882
6169
3512
3621
8590
5118
7424
2011
5897
3155
9523
2891
9426
1365
1724
6561
6629
174
8459
8719
6367
7583
3808
4494
1644
9706
1218
2658
5708
1237
2691
7956
2196
5292
7257
854
2624
5245
3234
7391
9143
9437
9071
6857
5373
9260
4195
5432
5769
7169
7738
6851
5473
254
4484
4206
4289
5503
9783
7540
7629
9186
1989
6628
4309
5781
3519
9402
1317
3610
5628
7579
8219
9805
2619
1558
1149
8821
6456
2968
1747
897
6258
1372
4929
7327
1344
7779
1920
1079
3595
7573
3946
5350
9990
4091
4667
4019
561
3688
2078
2467
1568
6147
7725
4050
5932
9648
7410
1618
5364
8282
7936
6027
4568
910
8142
9447
7803
8086
9290
2868
2320
3314
1096
1486
120
2044
7713
9431
4950
5341
8722
3913
9724
101
8278
3606
1451
2140
3064
1702
4090
7989
5913
3141
6658
775
479
8870
2876
3895
3782
3380
7100
6739
5062
9652
4686
2230
8999
8818
1238
7455
9049
8705
7888
7852
9500
6918
2344
6894
1739
3123
5707
1996
78
7083
1389
8653
5251
9291
4200
6956
8320
8454
8742
1485
1680
4659
6071
4344
4209
9950
6585
3481
8922
4796
1773
426
9026
1063
3502
4377
3998
6702
2730
2918
4211
4083
9973
4968
8574
5154
3630
9157
6437
455
227
7012
1489
7771
8226
7854
1703
7870
914
5648
7062
7745
3358
3208
5072
6482
3790
2664
12
9080
4264
7045
3734
2002
1676
8427
6474
7452
6581
6366
833
2788
4127
3975
3338
2277
7445
6459
9035
8306
2735
9539
1970
3409
4368
4895
802
6272
9256
5278
731
4363
8803
3462
467
8662
8961
6683
7396
5607
1805
616
7006
2952
7572
5425
9896
4862
8390
5993
4284
6423
686
5465
1490
8669
5621
32
413
7643
9150
7811
3761
2158
1498
9796
3540
4508
5750
1930
9166
525
9004
841
6932
4279
4884
8028
7955
4677
1735
2432
9964
1562
1060
6596
4183
2220
127
9227
2060
4474
8811
3537
7908
4239
3437
711
85
9703
5842
6521
5590
4479
9335
8637
1069
6523
2558
4941
4491
2974
1388
9522
6356
8326
9775
4529
1574
7384
9298
1645
5526
8330
2678
266
818
1371
1666
9297
1914
4124
9829
4495
8346
8838
4949
170
4437
2599
8351
2298
9928
9897
8655
6948
1048
6449
2016
9902
1603
8771
4254
8744
8854
9503
3204
5489
1420
8233
3246
9344
4440
2064
5836
4287
1303
7840
9576
1439
4031
1518
1436
2355
6954
557
1492
3892
4536
8271
7306
4744
2567
4465
999
9520
3356
5334
7394
8948
4706
1525
8754
3233
383
6463
7085
1386
6349
366
1341
2447
1691
2039
6330
111
4371
9319
2138
3495
7111
402
988
5798
3203
1453
292
6567
8192
5819
5454
869
2756
5559
9294
1730
1565
2428
1301
8197
188
6055
3505
5390
8859
7519
613
5053
6396
5515
9654
4741
782
3696
9628
549
9845
5745
6491
5733
100
6939
805
1502
2104
2785
2665
1482
9551
1797
7759
7695
2614
5368
5548
1742
3181
6723
8530
2223
6828
5965
8729
5112
8255
2501
9727
5119
2185
1128
5779
5838
9557
4604
6821
2954
8325
1408
4439
2091
2037
1594
814
8954
5303
6781
6912
2095
7546
9867
8151
4017
8752
7551
2131
5883
7219
3583
1000
4408
1708
2178
1689
9900
5108
4248
4800
6468
2460
1122
7764
2637
6893
526
5729
2956
7436
3180
9495
4468
7601
3078
5022
3564
3823
6120
7747
5466
6150
5142
690
3825
6519
5405
1791
532
8810
5448
1467
9114
4738
492
5843
6209
872
749
9975
5860
5493
1631
367
8107
9707
983
3523
5036
8352
7715
3015
3273
7299
960
2561
1207
8291
1647
8899
5440
3617
743
5358
2781
2101
9436
595
6551
5801
3855
1581
6736
6132
3815
8932
6047
3435
220
858
879
512
5113
3172
6933
9934
5553
7374
9877
9828
5309
1789
4623
6689
3009
8727
9362
795
7921
6188
3846
9444
5096
6724
5622
8827
6126
1981
7140
4378
3874
5734
3483
1918
6312
8114
8283
2167
7489
1038
4504
9099
9258
3198
1963
2932
7717
6935
377
5019
4748
8800
758
7591
7645
3083
7563
7834
9282
7347
2710
7708
5725
3641
9917
475
3184
6321
7904
5267
3798
5031
4352
4551
9139
6588
6391
8973
88
930
1181
4646
3715
8123
1601
622
7281
2093
5219
5014
7296
3506
9496
7514
7115
9373
8364
6381
5591
4675
5647
5039
1962
7766
1450
2766
588
2245
208
1407
2085
3489
4772
6402
7543
9381
8071
7976
727
6035
2811
8276
4556
8230
5657
6124
9242
1968
3235
5226
9760
1622
2120
2176
3361
6443
5128
7315
1219
9578
1068
7931
7557
6032
6780
1014
1875
7630
17
8599
740
4537
1769
5024
6637
2829
8643
644
7617
8804
7520
3136
2731
5635
7304
2005
2729
3395
3145
1406
4880
5133
8794
9162
212
7730
8160
2454
4486
632
2936
6969
3398
9611
7118
3442
1130
3888
2203
4467
3991
7835
7028
7627
1419
5510
5931
701
3454
6784
3809
5871
5976
7298
2377
3660
8501
3912
4820
7359
781
9717
5311
3974
5528
6833
3053
3832
8985
9824
3008
9622
9028
9057
9914
7269
5856
886
4258
9759
4002
6709
5339
9041
5083
7337
232
9211
8095
433
2920
7991
4674
9180
4392
1665
8100
6914
267
8736
1104
3109
7340
5971
3113
5037
9322
6455
8058
7925
9691
5494
3472
453
4493
1065
6612
605
7649
4690
9453
5225
3217
1664
2542
755
4213
4097
9978
829
4255
8358
6843
7187
4457
4092
7560
4276
4169
7157
3728
2798
5874
6227
3417
4106
1602
2520
6868
7378
8868
1360
1874
6807
2581
6623
562
6992
5394
380
2770
7571
3485
4273
4777
6177
8541
460
5727
899
6978
757
9392
6799
589
9871
7335
1537
3838
8889
268
7253
8348
6111
1862
5506
6475
4933
1391
68
4821
4295
6949
3021
8940
4514
5677
5043
770
9351
5969
4496
7744
7209
1940
9722
4389
6053
4189
3507
7095
8138
1403
7064
868
4527
6359
5557
8699
1743
1960
2370
3503
202
2928
2898
9021
6438
8217
7673
9340
3209
6646
9265
4585
7616
5940
6271
1944
765
2166
1605
8248
2742
3363
5283
472
2294
4540
3360
6309
2951
7507
5643
8052
6223
4099
9542
2629
7757
3052
6383
8814
9762
2413
7168
5667
6722
8605
5579
2067
7398
4775
2515
3196
5397
9959
3373
8084
9039
9474
1563
3253
7741
568
359
9720
2153
9093
9137
3527
5768
6012
9176
9852
1003
8781
2288
1494
8997
6354
3788
1222
6276
5626
6327
3834
3134
3166
4817
4472
3450
6515
5497
321
4624
9887
8195
8280
4612
656
3817
6056
5826
8518
9903
587
3897
4428
635
352
4085
1610
9732
3926
3436
2393
2368
6431
7846
9102
6710
9665
8839
7264
6487
4700
6310
901
4345
8721
4336
7078
2924
335
3543
8970
3270
191
6362
6765
8366
7983
2076
2616
5984
7180
5501
4265
376
5236
3456
1476
109
831
5689
503
3615
1228
7665
9406
6261
2881
1189
5816
7001
6240
8660
5090
45
4891
2239
9961
9254
2159
5519
7273
4370
2478
9731
6279
2077
1671
5726
4897
4703
3878
9838
573
2639
7175
2880
9161
6142
9357
2575
2020
1737
7449
5429
6080
5211
9188
7530
1961
5
1178
7942
3143
5924
8365
3003
1356
8682
3928
9404