786
421
855
551
449
501
24
649
285
858
950
664
864
817
631
224
337
170
415
296
482
397
73
875
986
438
265
834
205
735
417
521
446
833
514
938
991
188
960
915
969
434
782
282
672
884
902
119
96
428
305
272
848
682
225
82
71
866
117
229
985
780
933
947
102
291
616
843
456
939
762
758
920
660
260
823
448
334
58
15
280
250
931
136
310
801
31
163
19
728
640
343
604
795
678
544
681
578
967
971
495
773
979
799
999
994
595
926
483
396
192
212
800
219
100
6
819
835
203
215
208
283
856
792
806
7
871
294
175
498
963
427
171
255
761
519
287
34
809
166
712
667
471
206
765
11
612
349
430
493
406
216
218
905
641
688
355
911
160
485
537
114
613
386
808
94
524
580
135
982
872
487
873
720
64
734
62
591
118
903
227
635
16
500
83
541
262
363
879
179
791
384
371
76
105
559
571
854
491
246
356
861
196
499
309
566
563
584
308
504
657
738
49
331
392
233
254
867
480
535
46
659
467
818
194
511
701
30
295
90
609
517
754
727
820
755
75
945
876
983
892
796
913
259
65
691
134
52
981
534
784
690
704
956
505
824
815
924
14
41
711
28
629
424
419
953
838
336
802
340
730
722
18
314
108
632
642
586
583
680
367
412
832
751
93
21
432
536
593
582
176
26
623
841
954
374
870
5
242
961
383
67
619
451
812
277
42
525
842
774
889
345
398
450
106
413
276
570
955
120
633
181
907
652
553
883
492
959
930
689
675
152
897
278
547
569
719
299
561
416
845
615
10
286
443
232
560
653
313
715
112
587
970
766
628
679
401
51
849
153
431
22
348
489
775
70
149
618
362
128
706
155
191
473
594
869
474
380
962
658
686
527
257
186
388
516
284
25
408
241
929
288
245
264
466
804
608
54
420
740
376
877
494
86
469
696
767
69
993
91
825
127
747
45
507
756
47
699
315
709
460
437
702
297
693
198
882
270
910
164
80
700
221
318
146
330
187
302
422
183
708
677
552
610
360
622
27
573
130
404
523
788
540
477
718
837
375
526
671
589
598
178
725
768
532
321
317
268
320
209
645
972
13
87
736
400
484
600
826
488
932
338
703
555
174
462
298
744
457
506
156
274
546
949
946
185
161
453
868
275
472
621
831
839
917
627
172
620
486
440
896
359
940
683
199
603
193
354
975
351
914
454
909
182
211
899
304
479
732
346
723
562
322
99
928
989
207
88
122
558
568
888
195
528
611
549
333
303
512
247
705
634
743
881
846
626
508
228
666
35
385
271
352
263
347
830
231
57
880
243
50
389
327
12
984
813
335
143
852
936
210
43
426
904
213
97
147
717
874
941
542
123
844
513
853
760
821
543
731
158
510
918
496
810
237
935
63
597
162
862
381
829
121
890
650
908
957
252
606
184
729
588
771
951
465
370
414
737
572
716
109
452
665
713
197
173
538
222
37
248
827
646
901
111
798
668
602
382
779
836
68
235
204
669
647
202
61
306
912
32
125
78
579
793
977
590
399
745
425
279
56
151
66
948
674
502
763
769
850
942
358
656
444
378
8
944
468
753
418
409
684
141
752
698
433
803
1000
943
364
84
373
429
435
742
797
436
529
726
556
581
110
139
757
481
220
29
966
249
885
353
39
714
423
116
794
167
937
189
860
515
9
168
101
411
244
724
916
822
98
459
811
863
518
987
476
157
33
694
554
974
138
990
685
893
741
107
115
447
441
922
341
607
478
520
148
958
976
323
721
132
137
391
77
676
154
344
707
328
639
180
807
670
256
267
214
455
840
636
144
251
895
596
3
995
878
733
368
292
816
131
177
567
625
103
461
316
53
350
992
159
169
445
859
934
687
72
403
490
585
85
574
919
261
289
407
236
894
996
778
530
312
238
522
60
442
614
661
601
564
365
759
673
654
748
281
329
1
921
847
395
655
739
814
968
104
886
4
200
20
326
565
140
648
369
405
475
575
965
239
710
828
55
390
92
772
150
651
997
925
531
927
470
545
377
857
339
74
2
697
605
624
509
113
900
258
325
503
964
38
95
777
998
599
17
630
301
783
393
898
226
923
190
638
89
387
764
695
142
891
342
663
978
269
637
266
464
497
790
126
952
290
217
79
311
988
319
643
644
23
887
805
402
372
324
770
906
973
234
36
81
307
410
48
746
366
44
300
533
124
129
463
749
59
361
332
379
692
357
40
550
394
785
439
617
662
458
980
548
750
145
539
165
781
787
776
557
592
273
230
240
789
851
253
201
576
133
577
865
223
293