36
17
93
78
78
56
36
49
15
60
81
3
100
92
93
94
19
66
26
20
65
42
74
8
22
94
85
18
94
88
58
100
71
19
54
83
53
95
46
59
40
66
86
74
98
21
87
40
34
91
75
65
58
44
34
99
58
97
84
86
9
6
98
73
53
81
98
38
35
79
33
79
82
99
69
93
93
33
93
90
56
97
29
69
86
90
13
56
55
22
95
68
39
49
61
29
97
57
23
46
33
3
57
76
77
62
53
77
16
33
51
35
3
21
10
2
64
88
23
67
86
7
12
11
78
47
48
14
22
4
92
44
47
79
30
76
14
15
64
12
42
86
2
83
34
35
56
58
51
98
69
89
61
36
8
51
91
82
79
33
100
94
34
33
54
7
81
9
39
54
67
33
56
30
81
68
77
18
10
63
5
22
13
98
98
19
8
18
100
4
21
6
22
26
22
3
39
15
79
61
86
67
68
75
16
64
71
80
18
47
76
30
44
92
34
62
20
47
17
17
43
78
5
54
25
28
56
59
65
53
34
12
9
60
97
40
87
58
34
26
22
7
95
88
34
86
71
92
55
58
94
92
72
47
90
76
92
52
77
57
85
15
50
47
54
4
79
68
50
71
69
79
68
46
86
28
60
22
10
81
93
3
71
53
25
83
90
55
86
59
51
1
67
15
40
77
71
64
22
90
82
86
62
34
99
29
47
88
73
77
43
39
26
9
10
96
1
36
41
52
97
11
30
29
28
75
12
36
22
19
68
22
31
74
13
84
64
7
2
20
11
79
53
46
99
1
66
95
16
29
59
52
76
92
57
39
59
20
8
55
32
36
9
92
82
70
86
63
8
74
42
18
53
25
51
3
87
51
88
100
54
52
86
54
97
99
99
82
47
59
75
10
89
85
45
8
93
9
55
72
5
39
25
92
82
33
85
52
54
47
19
90
36
42
14
1
99
59
1
14
53
49
42
4
80
99
43
18
84
29
37
67
23
91
51
35
31
59
26
33
42
54
96
37
1
25
14
4
33
58
52
46
34
29
23
15
88
28
76
77
73
61
11
20
53
100
7
89
71
25
70
18
30
50
31
1
46
87
83
64
97
2
28
39
13
79
25
58
32
80
43
80
64
8
79
60
38
54
96
23